Supply_Region,U.S,Brazil,Canada,Mexico,Argentina,Chile,Colombia,Puerto Rico,Uruguay
U.S,0.6,7,2.3,1.9,4,3.2,4.1,3.5,4.6
Brazil,7.00,0.6,9.2,7,2.8,1.5,3.2,4,1
Canada,2.3,9.2,0.6,3.6,11.2,5.3,6.4,5.4,5.5
Mexico,1.9,7,3.6,0.7,7.4,3.7,3.7,3.7,4
Argentina,4,2.8,11.2,7.4,0.5,0.6,7,6.3,0.65
Chile,3.2,1.5,5.3,3.7,0.6,0.3,3.2,3,1
Colombia,4.1,3.2,6.4,3.7,7,3.2,0.28,1.7,3.5
Puerto Rico,3.5,4,5.4,3.7,6.3,3,1.7,0.5,2.9
Uruguay,4.6,1,5.5,4,0.65,1,3.5,2.9,0.3